# evict Access density for blackscholes (for plotting)
# of evict accesses within 1000000 CPU cycle for bodytrack (for plotting)
10
137
73
640
461
0
0
0
0
0
0
0
0
0
0
0
0
0
0
0
0
0
0
0
0
0
0
0
0
0
0
0
0
4
945
883
1052
47
2
0
0
9
0
0
0
0
3
0
0
0
0
0
0
739
913
1011
1487
580
82
490
212
19
6
4
12
1392
1656
1561
2040
582
2029
975
1251
36
357
840
0
0
0
0
0
0
0
0
0
0
0
0
0
0
0
0
0
0
0
0
0
0
0
0
0
0
696
1769
740
49
2
0
334
1247
803
1087
1887
1126
1999
1546
1167
388
1806
2383
440
0
0
0
0
0
0
0
0
0
0
0
0
0
0
0
742
1880
2216
875
35
94
5
2
1
5
0
1
0
1
0
0
0
0
0
1
1
0
0
0
0
1
0
1
977
1660
1780
4192
893
52
9
24
150
217
7
0
0
28
2
0
0
0
3
0
0
0
0
0
0
0
142
0
0
0
0
0
0
0
0
0
0
0
0
0
18
21
17
76
0
0
0
0
0
0
0
0
0
0
0
0
0
0
0
0
0
0
0
93
2
0
0
0
0
0
0
0
0
0
11
2
34
0
0
0
0
0
0
67
0
0
0
0
0
0
0
0
0
0
0
0
0
0
0
0
0
95
0
0
0
0
0
0
30
6
10
0
0
0
0
0
0
0
0
0
0
86
0
0
0
0
0
0
0
0
0
0
0
0
0
0
0
0
0
0
0
66
11
5
31
0
0
0
0
0
0
0
0
0
0
0
0
0
93
0
0
0
0
0
0
0
0
0
0
0
0
0
0
0
0
0
38
2
88
0
0
0
0
0
0
0
0
0
0
0
0
0
0
0
0
0
0
0
68
0
0
0
0
0
0
0
0
0
0
0
11
3
9
0
0
0
92
0
0
0
0
0
0
0
0
0
0
0
0
0
0
0
0
0
0
0
80
0
0
0
0
