# Read Access density for bodytrack (for plotting)
# of read accesses within 1000000 CPU cycle for bodytrack (for plotting)
2850
2417
3233
9307
5949
0
0
0
0
0
0
0
0
0
0
0
0
0
0
0
0
0
0
0
0
0
0
0
0
0
0
0
0
31
7101
10884
11472
6442
268
281
44
770
37
18
179
20
151
75
155
5
22
6
1223
9946
11557
10269
10927
5149
353
1116
1321
807
792
608
185
10655
11358
12041
11133
9206
12519
10823
7166
6645
7449
8565
0
0
0
0
0
0
0
0
0
0
0
0
0
0
0
0
0
0
0
0
0
0
0
0
0
0
7831
10061
9369
1922
17
17
3150
10029
6352
9730
14659
9946
14860
9832
8234
3927
8781
16470
8070
0
0
0
0
0
0
0
0
0
0
0
0
0
0
0
7598
10116
16130
9339
4538
5325
2026
2296
3566
3957
2582
5194
2475
2529
5024
2581
3211
4290
2476
4805
2871
2353
4885
2324
2645
5113
2478
3520
9517
11834
9374
21618
10983
4185
2345
2903
6129
6374
6117
1280
844
9373
9036
1417
578
5631
11119
2563
576
4855
10677
3974
806
4371
6598
282
280
281
281
282
280
282
279
275
277
276
277
278
975
484
378
848
251
242
220
227
230
210
192
212
212
215
206
241
237
230
237
243
231
233
235
815
366
240
233
175
242
242
240
205
239
240
424
227
1412
247
253
224
231
244
239
604
278
275
278
278
275
275
276
286
280
274
280
274
276
276
276
276
275
622
240
228
239
234
210
191
1027
275
238
194
221
244
240
235
241
246
199
240
209
714
238
241
221
225
241
239
226
208
208
229
233
219
207
230
237
238
224
227
233
540
415
332
611
276
275
276
274
279
274
279
276
278
275
276
276
280
538
251
251
207
212
221
210
173
220
180
209
226
231
238
242
239
245
212
1187
255
579
270
239
222
204
241
243
241
221
241
238
222
236
222
239
226
193
235
242
233
533
277
277
274
274
275
274
274
276
279
277
274
410
290
325
274
274
277
510
241
234
194
247
220
195
232
231
227
227
237
241
232
230
247
250
227
246
189
663
241
239
166
167
