# update Access density for blackscholes (for plotting)
# of update accesses within 1000000 CPU cycle for bodytrack (for plotting)
22
173
235
1611
2515
0
0
0
0
0
0
0
0
0
0
0
0
0
0
0
0
0
0
0
0
0
0
0
0
0
0
0
0
7
2513
4410
6633
3643
99
172
88
628
61
7
120
200
718
33
53
1
211
36
961
7917
5332
5321
6692
2781
136
328
1178
282
343
281
103
7344
6092
7488
8298
4984
8957
5795
5550
4033
3287
5455
0
0
0
0
0
0
0
0
0
0
0
0
0
0
0
0
0
0
0
0
0
0
0
0
0
0
4372
6618
4068
604
10
8
2422
6415
3900
6936
9765
5368
10183
6875
5555
1969
8285
11019
3529
0
0
0
0
0
0
0
0
0
0
0
0
0
0
0
3854
8867
9917
5172
1740
2046
1042
1598
2591
2515
1814
3392
1826
2001
3134
1871
2478
2642
1652
3186
2046
2022
2958
1660
2145
3064
1781
2769
8464
6477
8712
16885
6652
2729
925
957
1911
2198
5836
861
369
9256
10164
747
237
4459
12533
2926
276
3975
11202
4953
543
3336
6805
390
365
390
334
317
338
321
304
240
258
217
215
150
595
419
275
3571
160
170
106
89
164
148
75
127
185
164
172
225
244
259
275
266
189
256
188
2973
416
155
125
130
119
216
217
118
155
199
447
166
505
232
263
205
141
113
181
454
367
236
298
309
288
301
250
280
278
281
239
230
181
224
349
311
277
3359
152
138
77
85
175
121
489
236
226
189
247
245
275
283
299
208
197
253
162
2913
122
174
172
137
123
179
197
113
119
181
242
186
181
165
296
205
150
122
184
388
319
306
466
298
293
322
282
318
301
272
223
225
222
267
223
263
3422
147
168
93
119
157
150
90
139
166
110
190
218
277
226
290
286
162
903
216
3011
149
119
145
105
137
178
143
122
143
163
212
197
161
303
206
124
204
115
111
372
240
358
274
223
388
310
289
357
326
283
318
332
233
286
334
177
230
3335
123
116
87
141
163
91
89
88
129
135
231
271
281
278
298
166
226
271
121
3118
135
203
127
167
