# Write Access density for blackscholes (for plotting)
# of write accesses within 1000000 CPU cycle for bodytrack (for plotting)
171
761
1341
3446
3465
0
0
0
0
0
0
0
0
0
0
0
0
0
0
0
0
0
0
0
0
0
0
0
0
0
0
0
0
3
2058
4068
5386
2332
2
197
264
811
134
3
256
456
1700
0
6
0
520
64
524
4999
5895
5594
3113
380
165
213
1674
39
64
29
74
7085
3108
5644
6174
2964
6791
3255
4790
2726
1529
4845
0
0
0
0
0
0
0
0
0
0
0
0
0
0
0
0
0
0
0
0
0
0
0
0
0
0
2911
3570
1726
170
8
8
2202
3225
4382
4478
6453
2826
7258
5494
2425
751
7839
8015
2032
0
0
0
0
0
0
0
0
0
0
0
0
0
0
0
1278
7569
6213
4035
1379
860
1542
2234
2160
2019
2474
1797
2361
2436
1762
2417
2314
1752
2336
1811
2289
2467
1463
2366
2348
1697
2497
2311
5066
4146
6836
14212
3542
1771
33
757
917
3516
6824
0
12
9210
8047
0
0
4546
11954
1906
0
2825
8873
5406
0
2477
6652
280
279
280
280
280
279
280
274
274
278
273
275
274
308
291
282
6028
11
25
2
0
41
23
14
3
43
59
35
22
63
112
104
86
37
153
124
4497
561
30
7
14
13
55
45
9
19
45
128
45
77
71
190
117
31
119
201
216
275
274
274
274
274
274
274
276
274
274
275
275
274
274
274
275
274
5827
18
2
1
13
60
11
71
37
108
82
66
28
110
96
160
22
120
140
185
4971
8
27
10
1
21
23
38
12
28
17
88
37
61
31
144
76
71
66
164
270
281
280
300
274
274
274
274
274
275
275
275
274
274
274
274
275
5991
4
9
3
0
35
13
13
8
47
31
36
22
85
60
128
75
40
197
128
5062
3
6
36
10
22
16
24
5
26
74
53
17
27
152
87
29
43
163
161
171
274
275
273
273
274
273
273
273
274
273
274
280
274
280
273
273
274
5827
14
0
0
10
26
2
3
3
34
25
53
9
119
82
164
3
129
132
185
4953
13
17
0
36
